{
	"ProbabilisticModel" : {
		"flags" : 0,
		"bimodal" : false,
		"dimension" : 4,
		"EMStopCriterion" : {
			"minsteps" : 10,
			"maxsteps" : 0,
			"percentchg" : 0.01
		},
		"likelihoodwindow" : 1
	},
	"is_hierarchical" : false,
	"estimatemeans" : true,
	"dimension" : 4,
	"nbstates" : 10,
	"nbmixturecomponents" : 1,
	"varianceoffset_relative" : 1,
	"varianceoffset_absolute" : 0.001,
	"weight_regression" : 1,
	"regression_estimator" : 0,
	"transitionmode" : 1,
	"prior" : [
		1,
		0,
		0,
		0,
		0,
		0,
		0,
		0,
		0,
		0
	],
	"transition" : [
		0.94381,
		0.05619,
		0,
		0,
		0,
		0,
		0,
		0,
		0,
		0,
		0,
		0.958073,
		0.041927,
		0,
		0,
		0,
		0,
		0,
		0,
		0,
		0,
		0,
		0.958731,
		0.041269,
		0,
		0,
		0,
		0,
		0,
		0,
		0,
		0,
		0,
		0.953804,
		0.046196,
		0,
		0,
		0,
		0,
		0,
		0,
		0,
		0,
		0,
		0.93728,
		0.06272,
		0,
		0,
		0,
		0,
		0,
		0,
		0,
		0,
		0,
		0.928241,
		0.071759,
		0,
		0,
		0,
		0,
		0,
		0,
		0,
		0,
		0,
		0.963184,
		0.036816,
		0,
		0,
		0,
		0,
		0,
		0,
		0,
		0,
		0,
		0.956368,
		0.043632,
		0,
		0,
		0,
		0,
		0,
		0,
		0,
		0,
		0,
		0.957484,
		0.042516,
		0,
		0,
		0,
		0,
		0,
		0,
		0,
		0,
		0,
		1
	],
	"states" : [
		{
			"ProbabilisticModel" : {
				"flags" : 0,
				"bimodal" : false,
				"dimension" : 4,
				"EMStopCriterion" : {
					"minsteps" : 10,
					"maxsteps" : 0,
					"percentchg" : 0.01
				},
				"likelihoodwindow" : 1
			},
			"nbmixturecomponents" : 1,
			"varianceoffset_relative" : 1,
			"varianceoffset_absolute" : 0.001,
			"weight_regression" : 1,
			"mixturecoefficients" : [
				1
			],
			"components" : [
				{
					"dimension" : 4,
					"dimension_input" : 1077542912,
					"offset_relative" : 1,
					"offset_absolute" : 0.001,
					"weight_regression" : 1,
					"scale" : [
						0.019888,
						0.077517,
						1.000678,
						1.156589
					],
					"mean" : [
						0.573047,
						0.294419,
						-0.302342,
						-1.978179
					],
					"covariance" : [
						0.020183,
						0.002181,
						0.002243,
						0.000198,
						0.002181,
						0.094445,
						0.01633,
						0.020629,
						0.002243,
						0.01633,
						1.021341,
						0.030058,
						0.000198,
						0.020629,
						0.030058,
						1.951039
					]
				}
			]
		},
		{
			"ProbabilisticModel" : {
				"flags" : 0,
				"bimodal" : false,
				"dimension" : 4,
				"EMStopCriterion" : {
					"minsteps" : 10,
					"maxsteps" : 0,
					"percentchg" : 0.01
				},
				"likelihoodwindow" : 1
			},
			"nbmixturecomponents" : 1,
			"varianceoffset_relative" : 1,
			"varianceoffset_absolute" : 0.001,
			"weight_regression" : 1,
			"mixturecoefficients" : [
				1
			],
			"components" : [
				{
					"dimension" : 4,
					"dimension_input" : 0,
					"offset_relative" : 1,
					"offset_absolute" : 0.001,
					"weight_regression" : 1,
					"scale" : [
						0.019888,
						0.077517,
						1.000678,
						1.156589
					],
					"mean" : [
						0.404558,
						0.146103,
						-1.001352,
						0.509909
					],
					"covariance" : [
						0.026204,
						-0.003212,
						-0.011424,
						-0.037825,
						-0.003212,
						0.079685,
						0.012575,
						0.018793,
						-0.011424,
						0.012575,
						1.124911,
						0.064275,
						-0.037825,
						0.018793,
						0.064275,
						1.398841
					]
				}
			]
		},
		{
			"ProbabilisticModel" : {
				"flags" : 0,
				"bimodal" : false,
				"dimension" : 4,
				"EMStopCriterion" : {
					"minsteps" : 10,
					"maxsteps" : 0,
					"percentchg" : 0.01
				},
				"likelihoodwindow" : 1
			},
			"nbmixturecomponents" : 1,
			"varianceoffset_relative" : 1,
			"varianceoffset_absolute" : 0.001,
			"weight_regression" : 1,
			"mixturecoefficients" : [
				1
			],
			"components" : [
				{
					"dimension" : 4,
					"dimension_input" : 0,
					"offset_relative" : 1,
					"offset_absolute" : 0.001,
					"weight_regression" : 1,
					"scale" : [
						0.019888,
						0.077517,
						1.000678,
						1.156589
					],
					"mean" : [
						0.329592,
						0.367157,
						0.619037,
						1.061461
					],
					"covariance" : [
						0.022826,
						0.003564,
						0.037286,
						0.000229,
						0.003564,
						0.08377,
						0.059754,
						0.000089,
						0.037286,
						0.059754,
						1.593616,
						0.001744,
						0.000229,
						0.000089,
						0.001744,
						1.157129
					]
				}
			]
		},
		{
			"ProbabilisticModel" : {
				"flags" : 0,
				"bimodal" : false,
				"dimension" : 4,
				"EMStopCriterion" : {
					"minsteps" : 10,
					"maxsteps" : 0,
					"percentchg" : 0.01
				},
				"likelihoodwindow" : 1
			},
			"nbmixturecomponents" : 1,
			"varianceoffset_relative" : 1,
			"varianceoffset_absolute" : 0.001,
			"weight_regression" : 1,
			"mixturecoefficients" : [
				1
			],
			"components" : [
				{
					"dimension" : 4,
					"dimension_input" : 0,
					"offset_relative" : 1,
					"offset_absolute" : 0.001,
					"weight_regression" : 1,
					"scale" : [
						0.019888,
						0.077517,
						1.000678,
						1.156589
					],
					"mean" : [
						0.637092,
						0.648445,
						1.364392,
						1.502642
					],
					"covariance" : [
						0.028221,
						0.009098,
						-0.04323,
						0.022394,
						0.009098,
						0.088265,
						-0.053175,
						0.021718,
						-0.04323,
						-0.053175,
						1.271583,
						-0.099367,
						0.022394,
						0.021718,
						-0.099367,
						1.245866
					]
				}
			]
		},
		{
			"ProbabilisticModel" : {
				"flags" : 0,
				"bimodal" : false,
				"dimension" : 4,
				"EMStopCriterion" : {
					"minsteps" : 10,
					"maxsteps" : 0,
					"percentchg" : 0.01
				},
				"likelihoodwindow" : 1
			},
			"nbmixturecomponents" : 1,
			"varianceoffset_relative" : 1,
			"varianceoffset_absolute" : 0.001,
			"weight_regression" : 1,
			"mixturecoefficients" : [
				1
			],
			"components" : [
				{
					"dimension" : 4,
					"dimension_input" : 0,
					"offset_relative" : 1,
					"offset_absolute" : 0.001,
					"weight_regression" : 1,
					"scale" : [
						0.019888,
						0.077517,
						1.000678,
						1.156589
					],
					"mean" : [
						0.722825,
						0.900973,
						-0.700874,
						0.817498
					],
					"covariance" : [
						0.021591,
						-0.001216,
						0.030428,
						0.013399,
						-0.001216,
						0.07917,
						-0.030375,
						-0.014204,
						0.030428,
						-0.030375,
						1.64093,
						0.289329,
						0.013399,
						-0.014204,
						0.289329,
						1.292839
					]
				}
			]
		},
		{
			"ProbabilisticModel" : {
				"flags" : 0,
				"bimodal" : false,
				"dimension" : 4,
				"EMStopCriterion" : {
					"minsteps" : 10,
					"maxsteps" : 0,
					"percentchg" : 0.01
				},
				"likelihoodwindow" : 1
			},
			"nbmixturecomponents" : 1,
			"varianceoffset_relative" : 1,
			"varianceoffset_absolute" : 0.001,
			"weight_regression" : 1,
			"mixturecoefficients" : [
				1
			],
			"components" : [
				{
					"dimension" : 4,
					"dimension_input" : 0,
					"offset_relative" : 1,
					"offset_absolute" : 0.001,
					"weight_regression" : 1,
					"scale" : [
						0.019888,
						0.077517,
						1.000678,
						1.156589
					],
					"mean" : [
						0.465119,
						0.911959,
						-2.070783,
						-0.651751
					],
					"covariance" : [
						0.02829,
						0.002816,
						-0.034896,
						0.033872,
						0.002816,
						0.078593,
						-0.015723,
						0.010333,
						-0.034896,
						-0.015723,
						1.271264,
						-0.109856,
						0.033872,
						0.010333,
						-0.109856,
						1.301265
					]
				}
			]
		},
		{
			"ProbabilisticModel" : {
				"flags" : 0,
				"bimodal" : false,
				"dimension" : 4,
				"EMStopCriterion" : {
					"minsteps" : 10,
					"maxsteps" : 0,
					"percentchg" : 0.01
				},
				"likelihoodwindow" : 1
			},
			"nbmixturecomponents" : 1,
			"varianceoffset_relative" : 1,
			"varianceoffset_absolute" : 0.001,
			"weight_regression" : 1,
			"mixturecoefficients" : [
				1
			],
			"components" : [
				{
					"dimension" : 4,
					"dimension_input" : 0,
					"offset_relative" : 1,
					"offset_absolute" : 0.001,
					"weight_regression" : 1,
					"scale" : [
						0.019888,
						0.077517,
						1.000678,
						1.156589
					],
					"mean" : [
						0.334956,
						0.734305,
						0.199444,
						-0.824199
					],
					"covariance" : [
						0.020919,
						-0.001544,
						0.010746,
						0.000934,
						-0.001544,
						0.081968,
						-0.036546,
						-0.004436,
						0.010746,
						-0.036546,
						1.311015,
						0.038648,
						0.000934,
						-0.004436,
						0.038648,
						1.162031
					]
				}
			]
		},
		{
			"ProbabilisticModel" : {
				"flags" : 0,
				"bimodal" : false,
				"dimension" : 4,
				"EMStopCriterion" : {
					"minsteps" : 10,
					"maxsteps" : 0,
					"percentchg" : 0.01
				},
				"likelihoodwindow" : 1
			},
			"nbmixturecomponents" : 1,
			"varianceoffset_relative" : 1,
			"varianceoffset_absolute" : 0.001,
			"weight_regression" : 1,
			"mixturecoefficients" : [
				1
			],
			"components" : [
				{
					"dimension" : 4,
					"dimension_input" : 0,
					"offset_relative" : 1,
					"offset_absolute" : 0.001,
					"weight_regression" : 1,
					"scale" : [
						0.019888,
						0.077517,
						1.000678,
						1.156589
					],
					"mean" : [
						0.51659,
						0.52862,
						0.950597,
						-0.96075
					],
					"covariance" : [
						0.024897,
						-0.005001,
						-0.002032,
						-0.012009,
						-0.005001,
						0.082592,
						0.002734,
						0.011947,
						-0.002032,
						0.002734,
						1.00861,
						0.002618,
						-0.012009,
						0.011947,
						0.002618,
						1.191111
					]
				}
			]
		},
		{
			"ProbabilisticModel" : {
				"flags" : 0,
				"bimodal" : false,
				"dimension" : 4,
				"EMStopCriterion" : {
					"minsteps" : 10,
					"maxsteps" : 0,
					"percentchg" : 0.01
				},
				"likelihoodwindow" : 1
			},
			"nbmixturecomponents" : 1,
			"varianceoffset_relative" : 1,
			"varianceoffset_absolute" : 0.001,
			"weight_regression" : 1,
			"mixturecoefficients" : [
				1
			],
			"components" : [
				{
					"dimension" : 4,
					"dimension_input" : 0,
					"offset_relative" : 1,
					"offset_absolute" : 0.001,
					"weight_regression" : 1,
					"scale" : [
						0.019888,
						0.077517,
						1.000678,
						1.156589
					],
					"mean" : [
						0.655072,
						0.289566,
						0.081655,
						-0.955163
					],
					"covariance" : [
						0.020219,
						-0.000207,
						-0.001605,
						0.00035,
						-0.000207,
						0.082733,
						0.030225,
						-0.006049,
						-0.001605,
						0.030225,
						1.178531,
						-0.031883,
						0.00035,
						-0.006049,
						-0.031883,
						1.17074
					]
				}
			]
		},
		{
			"ProbabilisticModel" : {
				"flags" : 0,
				"bimodal" : false,
				"dimension" : 4,
				"EMStopCriterion" : {
					"minsteps" : 10,
					"maxsteps" : 0,
					"percentchg" : 0.01
				},
				"likelihoodwindow" : 1
			},
			"nbmixturecomponents" : 1,
			"varianceoffset_relative" : 1,
			"varianceoffset_absolute" : 0.001,
			"weight_regression" : 1,
			"mixturecoefficients" : [
				1
			],
			"components" : [
				{
					"dimension" : 4,
					"dimension_input" : 0,
					"offset_relative" : 1,
					"offset_absolute" : 0.001,
					"weight_regression" : 1,
					"scale" : [
						0.019888,
						0.077517,
						1.000678,
						1.156589
					],
					"mean" : [
						0.563039,
						0.124589,
						-0.460223,
						-0.276184
					],
					"covariance" : [
						0.021749,
						0.001056,
						-0.002529,
						-0.011498,
						0.001056,
						0.078238,
						-0.000863,
						-0.006938,
						-0.002529,
						-0.000863,
						1.007415,
						0.014311,
						-0.011498,
						-0.006938,
						0.014311,
						1.229853
					]
				}
			]
		}
	]
}